# icosahedron test
# This is your first file output.
v 0.000000000000 0.000000000000 25.470536799081
v 17.888543819998 0.000000000000 8.944271909999
v 5.527864045000 17.013016167041 8.944271909999
v -14.472135955000 10.514622242383 8.944271909999
v -14.472135955000 -10.514622242383 8.944271909999
v 5.527864045000 -17.013016167041 8.944271909999
v 14.472135955000 10.514622242383 -8.944271909999
v -5.527864045000 17.013016167041 -8.944271909999
v -17.888543819998 0.000000000000 -8.944271909999
v -5.527864045000 -17.013016167041 -8.944271909999
v 14.472135955000 -10.514622242383 -8.944271909999
v 0.000000000000 0.000000000000 -20.000000000000
v 3.249196962329 10.000000000000 17.013016167041
v 11.755705045849 16.180339887499 0.000000000000
v 19.021130325903 6.180339887499 0.000000000000
v 10.514622242383 0.000000000000 17.013016167041
v 13.763819204712 10.000000000000 10.514622242383
v 19.021130325903 6.180339887499 0.000000000000
v 8.506508083520 6.180339887499 -17.013016167041
v 8.506508083520 -6.180339887499 -17.013016167041
v 19.021130325903 -6.180339887499 0.000000000000
v 17.013016167041 0.000000000000 -10.514622242383
v -8.506508083520 6.180339887499 17.013016167041
v -11.755705045849 16.180339887499 0.000000000000
v 0.000000000000 20.000000000000 0.000000000000
v -5.257311121191 16.180339887499 10.514622242383
v 0.000000000000 20.000000000000 0.000000000000
v -3.249196962329 10.000000000000 -17.013016167041
v 5.257311121191 16.180339887499 -10.514622242383
v -8.506508083520 -6.180339887499 17.013016167041
v -19.021130325903 -6.180339887499 0.000000000000
v -19.021130325903 6.180339887499 0.000000000000
v -17.013016167041 0.000000000000 10.514622242383
v -19.021130325903 6.180339887499 0.000000000000
v -10.514622242383 0.000000000000 -17.013016167041
v -13.763819204712 10.000000000000 -10.514622242383
v 3.249196962329 -10.000000000000 17.013016167041
v 0.000000000000 -20.000000000000 0.000000000000
v -11.755705045849 -16.180339887499 0.000000000000
v -5.257311121191 -16.180339887499 10.514622242383
v -11.755705045849 -16.180339887499 0.000000000000
v -3.249196962329 -10.000000000000 -17.013016167041
v -13.763819204712 -10.000000000000 -10.514622242383
v 10.514622242383 0.000000000000 17.013016167041
v 19.021130325903 -6.180339887499 0.000000000000
v 11.755705045849 -16.180339887499 0.000000000000
v 13.763819204712 -10.000000000000 10.514622242383
v 11.755705045849 -16.180339887499 0.000000000000
v 8.506508083520 -6.180339887499 -17.013016167041
v 5.257311121191 -16.180339887499 -10.514622242383
v 1.688880028557 5.197838260155 19.238767155678
v 8.944271909999 10.514622242383 14.472135955000
v 12.763932022500 5.257311121191 14.472135955000
v 5.465330578253 0.000000000000 19.238767155678
v 7.236067977500 5.257311121191 17.888543819998
v 4.562174351561 14.040928895523 13.492178509671
v 8.983719669245 17.253369608324 4.649087874302
v 13.416407864999 13.763819204712 5.527864045000
v 10.027504929815 14.040928895523 10.114418452556
v 13.632807543548 13.875609551209 -4.649087874302
v 17.409258093244 8.677771291054 -4.649087874302
v 17.236067977500 8.506508083520 5.527864045000
v 16.180339887499 11.755705045849 0.000000000000
v 12.763932022500 5.257311121191 14.472135955000
v 19.185051644542 3.212440712800 4.649087874302
v 14.763506326858 0.000000000000 13.492178509671
v 16.452386355416 5.197838260155 10.114418452556
v 19.185051644542 3.212440712800 4.649087874302
v 18.944271909999 3.249196962329 -5.527864045000
v 18.944271909999 -3.249196962329 -5.527864045000
v 19.185051644542 -3.212440712800 4.649087874302
v 20.000000000000 0.000000000000 0.000000000000
v 17.409258093244 8.677771291054 -4.649087874302
v 11.943927514990 8.677771291054 -13.492178509671
v 13.416407864999 3.249196962329 -14.472135955000
v 16.365472832674 5.465330578253 -10.114418452556
v 4.421545317684 3.212440712800 -19.238767155678
v 4.421545317684 -3.212440712800 -19.238767155678
v 13.416407864999 -3.249196962329 -14.472135955000
v 8.944271909999 0.000000000000 -17.888543819998
v 18.944271909999 -3.249196962329 -5.527864045000
v 11.943927514990 -8.677771291054 -13.492178509671
v 17.409258093244 -8.677771291054 -4.649087874302
v 16.365472832674 -5.465330578253 -10.114418452556
v -4.421545317684 3.212440712800 19.238767155678
v -7.236067977500 11.755705045849 14.472135955000
v -1.055728090001 13.763819204712 14.472135955000
v -2.763932022500 8.506508083520 17.888543819998
v -11.943927514990 8.677771291054 13.492178509671
v -13.632807543548 13.875609551209 4.649087874302
v -8.944271909999 17.013016167041 5.527864045000
v -10.255047486433 13.875609551209 10.114418452556
v -8.983719669245 17.253369608324 -4.649087874302
v -2.873294323004 19.238767155678 -4.649087874302
v -2.763932022500 19.021130325903 5.527864045000
v -6.180339887499 19.021130325903 0.000000000000
v -1.055728090001 13.763819204712 14.472135955000
v 2.873294323004 19.238767155678 4.649087874302
v 0.140629033877 17.253369608324 10.114418452556
v 2.873294323004 19.238767155678 4.649087874302
v 2.763932022500 19.021130325903 -5.527864045000
v 8.944271909999 17.013016167041 -5.527864045000
v 6.180339887499 19.021130325903 0.000000000000
v -2.873294323004 19.238767155678 -4.649087874302
v -4.562174351561 14.040928895523 -13.492178509671
v 1.055728090001 13.763819204712 -14.472135955000
v -0.140629033877 17.253369608324 -10.114418452556
v -1.688880028557 5.197838260155 -19.238767155678
v 4.421545317684 3.212440712800 -19.238767155678
v 7.236067977500 11.755705045849 -14.472135955000
v 2.763932022500 8.506508083520 -17.888543819998
v 8.944271909999 17.013016167041 -5.527864045000
v 13.632807543548 13.875609551209 -4.649087874302
v 10.255047486433 13.875609551209 -10.114418452556
v -4.421545317684 -3.212440712800 19.238767155678
v -13.416407864999 -3.249196962329 14.472135955000
v -13.416407864999 3.249196962329 14.472135955000
v -8.944271909999 0.000000000000 17.888543819998
v -11.943927514990 -8.677771291054 13.492178509671
v -17.409258093244 -8.677771291054 4.649087874302
v -18.944271909999 -3.249196962329 5.527864045000
v -16.365472832674 -5.465330578253 10.114418452556
v -19.185051644542 -3.212440712800 -4.649087874302
v -19.185051644542 3.212440712800 -4.649087874302
v -18.944271909999 3.249196962329 5.527864045000
v -20.000000000000 0.000000000000 0.000000000000
v -13.416407864999 3.249196962329 14.472135955000
v -17.409258093244 8.677771291054 4.649087874302
v -16.365472832674 5.465330578253 10.114418452556
v -17.409258093244 8.677771291054 4.649087874302
v -17.236067977500 8.506508083520 -5.527864045000
v -13.416407864999 13.763819204712 -5.527864045000
v -16.180339887499 11.755705045849 0.000000000000
v -19.185051644542 3.212440712800 -4.649087874302
v -14.763506326858 0.000000000000 -13.492178509671
v -12.763932022500 5.257311121191 -14.472135955000
v -16.452386355416 5.197838260155 -10.114418452556
v -5.465330578253 0.000000000000 -19.238767155678
v -1.688880028557 5.197838260155 -19.238767155678
v -8.944271909999 10.514622242383 -14.472135955000
v -7.236067977500 5.257311121191 -17.888543819998
v -13.416407864999 13.763819204712 -5.527864045000
v -8.983719669245 17.253369608324 -4.649087874302
v -10.027504929815 14.040928895523 -10.114418452556
v 1.688880028557 -5.197838260155 19.238767155678
v -1.055728090001 -13.763819204712 14.472135955000
v -7.236067977500 -11.755705045849 14.472135955000
v -2.763932022500 -8.506508083520 17.888543819998
v 4.562174351561 -14.040928895523 13.492178509671
v 2.873294323004 -19.238767155678 4.649087874302
v -2.763932022500 -19.021130325903 5.527864045000
v 0.140629033877 -17.253369608324 10.114418452556
v -2.873294323004 -19.238767155678 -4.649087874302
v -8.983719669245 -17.253369608324 -4.649087874302
v -8.944271909999 -17.013016167041 5.527864045000
v -6.180339887499 -19.021130325903 0.000000000000
v -7.236067977500 -11.755705045849 14.472135955000
v -13.632807543548 -13.875609551209 4.649087874302
v -10.255047486433 -13.875609551209 10.114418452556
v -13.632807543548 -13.875609551209 4.649087874302
v -13.416407864999 -13.763819204712 -5.527864045000
v -17.236067977500 -8.506508083520 -5.527864045000
v -16.180339887499 -11.755705045849 0.000000000000
v -8.983719669245 -17.253369608324 -4.649087874302
v -4.562174351561 -14.040928895523 -13.492178509671
v -8.944271909999 -10.514622242383 -14.472135955000
v -10.027504929815 -14.040928895523 -10.114418452556
v -1.688880028557 -5.197838260155 -19.238767155678
v -5.465330578253 0.000000000000 -19.238767155678
v -12.763932022500 -5.257311121191 -14.472135955000
v -7.236067977500 -5.257311121191 -17.888543819998
v -17.236067977500 -8.506508083520 -5.527864045000
v -19.185051644542 -3.212440712800 -4.649087874302
v -16.452386355416 -5.197838260155 -10.114418452556
v 5.465330578253 0.000000000000 19.238767155678
v 12.763932022500 -5.257311121191 14.472135955000
v 8.944271909999 -10.514622242383 14.472135955000
v 7.236067977500 -5.257311121191 17.888543819998
v 14.763506326858 0.000000000000 13.492178509671
v 19.185051644542 -3.212440712800 4.649087874302
v 17.236067977500 -8.506508083520 5.527864045000
v 16.452386355416 -5.197838260155 10.114418452556
v 17.409258093244 -8.677771291054 -4.649087874302
v 13.632807543548 -13.875609551209 -4.649087874302
v 13.416407864999 -13.763819204712 5.527864045000
v 16.180339887499 -11.755705045849 0.000000000000
v 8.944271909999 -10.514622242383 14.472135955000
v 8.983719669245 -17.253369608324 4.649087874302
v 10.027504929815 -14.040928895523 10.114418452556
v 8.983719669245 -17.253369608324 4.649087874302
v 8.944271909999 -17.013016167041 -5.527864045000
v 2.763932022500 -19.021130325903 -5.527864045000
v 6.180339887499 -19.021130325903 0.000000000000
v 13.632807543548 -13.875609551209 -4.649087874302
v 11.943927514990 -8.677771291054 -13.492178509671
v 7.236067977500 -11.755705045849 -14.472135955000
v 10.255047486433 -13.875609551209 -10.114418452556
v 4.421545317684 -3.212440712800 -19.238767155678
v -1.688880028557 -5.197838260155 -19.238767155678
v 1.055728090001 -13.763819204712 -14.472135955000
v 2.763932022500 -8.506508083520 -17.888543819998
v 2.763932022500 -19.021130325903 -5.527864045000
v -2.873294323004 -19.238767155678 -4.649087874302
v -0.140629033877 -17.253369608324 -10.114418452556

# Faces - Triangles
f 1 54 51
f 54 55 51
f 51 55 13
f 55 52 13
f 55 53 52
f 53 17 52
f 54 16 55
f 16 53 55
f 13 52 56
f 52 59 56
f 56 59 3
f 59 57 3
f 59 58 57
f 58 14 57
f 52 17 59
f 17 58 59
f 17 62 58
f 62 63 58
f 58 63 14
f 63 60 14
f 63 61 60
f 61 7 60
f 62 15 63
f 15 61 63
f 16 66 64
f 66 67 64
f 64 67 17
f 67 62 17
f 67 65 62
f 65 15 62
f 66 2 67
f 2 65 67
f 2 71 68
f 71 72 68
f 68 72 18
f 72 69 18
f 72 70 69
f 70 22 69
f 71 21 72
f 21 70 72
f 18 69 73
f 69 76 73
f 73 76 7
f 76 74 7
f 76 75 74
f 75 19 74
f 69 22 76
f 22 75 76
f 22 79 75
f 79 80 75
f 75 80 19
f 80 77 19
f 80 78 77
f 78 12 77
f 79 20 80
f 20 78 80
f 21 83 81
f 83 84 81
f 81 84 22
f 84 79 22
f 84 82 79
f 82 20 79
f 83 11 84
f 11 82 84
f 1 51 85
f 51 88 85
f 85 88 23
f 88 86 23
f 88 87 86
f 87 26 86
f 51 13 88
f 13 87 88
f 23 86 89
f 86 92 89
f 89 92 4
f 92 90 4
f 92 91 90
f 91 24 90
f 86 26 92
f 26 91 92
f 26 95 91
f 95 96 91
f 91 96 24
f 96 93 24
f 96 94 93
f 94 8 93
f 95 25 96
f 25 94 96
f 13 56 97
f 56 99 97
f 97 99 26
f 99 95 26
f 99 98 95
f 98 25 95
f 56 3 99
f 3 98 99
f 3 57 100
f 57 103 100
f 100 103 27
f 103 101 27
f 103 102 101
f 102 29 101
f 57 14 103
f 14 102 103
f 27 101 104
f 101 107 104
f 104 107 8
f 107 105 8
f 107 106 105
f 106 28 105
f 101 29 107
f 29 106 107
f 29 110 106
f 110 111 106
f 106 111 28
f 111 108 28
f 111 109 108
f 109 12 108
f 110 19 111
f 19 109 111
f 14 113 112
f 113 114 112
f 112 114 29
f 114 110 29
f 114 74 110
f 74 19 110
f 113 7 114
f 7 74 114
f 1 85 115
f 85 118 115
f 115 118 30
f 118 116 30
f 118 117 116
f 117 33 116
f 85 23 118
f 23 117 118
f 30 116 119
f 116 122 119
f 119 122 5
f 122 120 5
f 122 121 120
f 121 31 120
f 116 33 122
f 33 121 122
f 33 125 121
f 125 126 121
f 121 126 31
f 126 123 31
f 126 124 123
f 124 9 123
f 125 32 126
f 32 124 126
f 23 89 127
f 89 129 127
f 127 129 33
f 129 125 33
f 129 128 125
f 128 32 125
f 89 4 129
f 4 128 129
f 4 90 130
f 90 133 130
f 130 133 34
f 133 131 34
f 133 132 131
f 132 36 131
f 90 24 133
f 24 132 133
f 34 131 134
f 131 137 134
f 134 137 9
f 137 135 9
f 137 136 135
f 136 35 135
f 131 36 137
f 36 136 137
f 36 140 136
f 140 141 136
f 136 141 35
f 141 138 35
f 141 139 138
f 139 12 138
f 140 28 141
f 28 139 141
f 24 143 142
f 143 144 142
f 142 144 36
f 144 140 36
f 144 105 140
f 105 28 140
f 143 8 144
f 8 105 144
f 1 115 145
f 115 148 145
f 145 148 37
f 148 146 37
f 148 147 146
f 147 40 146
f 115 30 148
f 30 147 148
f 37 146 149
f 146 152 149
f 149 152 6
f 152 150 6
f 152 151 150
f 151 38 150
f 146 40 152
f 40 151 152
f 40 155 151
f 155 156 151
f 151 156 38
f 156 153 38
f 156 154 153
f 154 10 153
f 155 39 156
f 39 154 156
f 30 119 157
f 119 159 157
f 157 159 40
f 159 155 40
f 159 158 155
f 158 39 155
f 119 5 159
f 5 158 159
f 5 120 160
f 120 163 160
f 160 163 41
f 163 161 41
f 163 162 161
f 162 43 161
f 120 31 163
f 31 162 163
f 41 161 164
f 161 167 164
f 164 167 10
f 167 165 10
f 167 166 165
f 166 42 165
f 161 43 167
f 43 166 167
f 43 170 166
f 170 171 166
f 166 171 42
f 171 168 42
f 171 169 168
f 169 12 168
f 170 35 171
f 35 169 171
f 31 173 172
f 173 174 172
f 172 174 43
f 174 170 43
f 174 135 170
f 135 35 170
f 173 9 174
f 9 135 174
f 1 145 175
f 145 178 175
f 175 178 44
f 178 176 44
f 178 177 176
f 177 47 176
f 145 37 178
f 37 177 178
f 44 176 179
f 176 182 179
f 179 182 2
f 182 180 2
f 182 181 180
f 181 45 180
f 176 47 182
f 47 181 182
f 47 185 181
f 185 186 181
f 181 186 45
f 186 183 45
f 186 184 183
f 184 11 183
f 185 46 186
f 46 184 186
f 37 149 187
f 149 189 187
f 187 189 47
f 189 185 47
f 189 188 185
f 188 46 185
f 149 6 189
f 6 188 189
f 6 150 190
f 150 193 190
f 190 193 48
f 193 191 48
f 193 192 191
f 192 50 191
f 150 38 193
f 38 192 193
f 48 191 194
f 191 197 194
f 194 197 11
f 197 195 11
f 197 196 195
f 196 49 195
f 191 50 197
f 50 196 197
f 50 200 196
f 200 201 196
f 196 201 49
f 201 198 49
f 201 199 198
f 199 12 198
f 200 42 201
f 42 199 201
f 38 203 202
f 203 204 202
f 202 204 50
f 204 200 50
f 204 165 200
f 165 42 200
f 203 10 204
f 10 165 204
